1030
42408
9634
9633
43229
16446
16445
43658
====
40357
2357
8757
15159
20331
24038
25440
====
3920
3919
42791
23258
23257
43966
27939
====
3939
3938
42801
17344
17343
43733
====
6841
6840
43056
7245
7244
43094
====
8000
7999
43127
18678
18677
43793
====
9620
9640
9619
9639
43222
43232
====
9628
9627
43226
22675
22674
43934
====
9630
9629
43227
13799
13798
43502
====
10316
10315
43262
24680
24679
44062
====
10861
10860
43285
11339
11338
43331
====
10867
10866
43288
16449
16448
43659
====
11347
11346
43335
25610
25609
44109
====
11805
11804
43365
24325
24324
44042
====
12394
16864
16866
18474
19351
19642
====
12727
12726
43423
13310
13309
43448
====
13791
13790
43498
15560
15559
43595
====
15982
15981
43625
26262
26261
44153
====
16993
16992
43701
23785
23784
44013
====
17346
17345
43734
21350
21349
43884
====
18269
18268
43771
23777
23776
44009
====
19046
19045
43815
21374
21373
43894
====
20949
20948
43874
26676
26675
44172
====
23783
23782
44012
26674
26673
44171
====
25608
25607
44108
26411
26410
44155
====
26132
26131
44142
26538
26537
44164
====
1029
42407
13352
13351
43468
====
2193
42512
4336
4335
42839
====
2511
42579
4753
4752
42901
====
2512
42580
12649
12648
43406
====
4719
4718
42885
16964
25721
====
11359
11358
43339
16440
23256
====
30566
11833
11832
24702
25304
====
13785
13784
43496
19111
20030
====
32180
13793
13792
43499
27237
====
13811
13810
43506
26266
26292
====
23007
23006
25106
25105
44096
====
31417
24891
24890
27227
27461
====
497
15062
15061
43575
====
3212
3211
42678
5236
====
3823
5083
6241
7688
====
3825
5085
6243
9999
====
3826
5086
6244
7689
====
3827
5087
6245
7690
====
34575
3877
3876
42771
====
40697
4342
4341
42842
====
4356
4355
42847
20268
====
40667
4715
4714
42883
====
4734
4733
42892
5314
====
5196
6847
6846
43059
====
29403
6246
7598
10298
====
6318
6317
43006
23601
====
6797
6796
43035
25782
====
35979
39759
7223
7222
====
8019
8018
43136
10987
====
8533
8532
43151
24917
====
9612
9611
43218
18380
====
9616
9615
43220
23002
====
10304
10303
43256
12689
====
10318
10317
43263
20950
====
10337
10336
43273
26135
====
39768
10879
10878
43293
====
11145
15544
15543
43587
====
37926
11311
11310
43318
====
11797
11796
43361
24119
====
11829
11828
43377
23986
====
12212
12211
43391
27055
====
30610
12659
12658
43411
====
12737
12736
43428
25921
====
37343
12741
12740
43643
====
13326
13325
43456
18713
====
14370
14240
14239
43521
====
42045
14274
14273
43535
====
14278
14277
43537
19778
====
15306
15995
15994
43631
====
15335
21725
21724
43909
====
15457
16976
16975
43692
====
15970
15969
43619
27218
====
16015
16014
43641
22296
====
16028
19024
19023
43804
====
16437
16436
43654
18336
====
16442
16441
43656
44027
====
30941
39044
41882
18564
====
19796
19795
43846
23871
====
20567
22679
22678
43936
====
38605
21364
21363
43891
====
22144
22143
43920
23855
====
22995
22994
43946
27246
====
23009
23008
43951
27329
====
26130
26129
44141
28471
====
26680
26679
44174
28583
====
26788
26787
44185
28299
====
26894
26893
26945
44197
====
26898
26897
44199
27847
====
26902
26901
44201
27764
====
27226
27383
27382
44216
====
27510
27509
44221
28458
====
28371
28456
28455
44268
====
33281
33282
33283
33274
====
40660
38
8017
====
39
42339
18375
====
177
42354
6391
====
607
8754
8791
====
823
12393
13193
====
39460
1017
42396
====
1022
42401
43547
====
1035
42413
3884
====
1038
42416
15991
====
1051
2502
42570
====
1229
1791
5707
====
1492
20485
22130
====
38419
1640
42447
====
34581
1645
16959
====
2113
7605
20688
====
2179
42498
19441
====
2181
42500
23265
====
2186
42505
15569
====
2509
42577
19763
====
2694
4591
9943
====
2695
4592
9926
====
2697
9982
11298
====
2952
42641
23971
====
3210
42677
16447
====
3254
7563
27275
====
3438
4657
9958
====
40015
41716
3548
====
3811
5074
7565
====
3812
5071
9347
====
3813
8260
10857
====
3814
4658
7604
====
3824
5084
9996
====
3829
4653
7694
====
3853
3852
42760
====
3855
3854
42761
====
3857
3856
42762
====
3859
3858
42763
====
3861
3860
42764
====
3863
3862
42765
====
3865
3864
42766
====
3867
3866
42767
====
3869
3868
42768
====
3871
3870
42769
====
3873
3872
42770
====
3879
3878
42772
====
3881
3880
42773
====
3883
3882
42774
====
3886
3885
42775
====
3888
3887
42776
====
3890
3889
42777
====
3892
3891
42778
====
3894
3893
42779
====
3896
3895
42780
====
3898
3897
42781
====
3900
3899
42782
====
3902
3901
42783
====
3904
3903
42784
====
3906
3905
42785
====
3908
3907
42786
====
33787
3910
3909
====
3912
3911
42787
====
3914
3913
42788
====
3916
3915
42789
====
3918
3917
42790
====
3922
3921
42792
====
3924
3923
42793
====
3926
3925
42794
====
3929
3928
42796
====
3931
3930
42797
====
3933
3932
42798
====
3935
3934
42799
====
3937
3936
42800
====
3941
3940
42802
====
4318
4317
42831
====
4320
4319
42832
====
4322
4321
42833
====
4324
4323
42834
====
4326
4325
42835
====
4328
4327
42836
====
4330
4329
42837
====
4332
4331
42838
====
37345
4334
4333
====
4338
4337
42840
====
4340
4339
42841
====
4344
4343
42843
====
4346
4345
42844
====
38909
4349
4348
====
4351
4350
42845
====
4354
4353
42846
====
4358
4357
42848
====
4360
4359
42849
====
4692
4691
42872
====
4694
4693
42873
====
4696
4695
42874
====
4699
4698
42875
====
4701
4700
42876
====
4703
4702
42877
====
4705
4704
42878
====
4707
4706
42879
====
4709
4708
42880
====
4711
4710
42881
====
4713
4712
42882
====
4717
4716
42884
====
4721
4720
42886
====
4723
4722
42887
====
4726
4725
42888
====
4728
4727
42889
====
4730
4729
42890
====
4732
4731
42891
====
4736
4735
42893
====
4738
4737
42894
====
4740
4739
42895
====
4742
4741
42896
====
4744
4743
42897
====
4746
4745
42898
====
4749
4748
42899
====
4751
4750
42900
====
4755
4754
42902
====
4757
4756
42903
====
4759
4758
42904
====
32849
4989
25703
====
41711
5069
9975
====
42756
5072
9919
====
5150
5149
42914
====
5152
5151
42915
====
5154
5153
42916
====
5156
5155
42917
====
5158
5157
42918
====
5160
5159
42919
====
31834
5162
5161
====
5164
5163
42920
====
5166
5165
42921
====
5168
5167
42922
====
5170
5169
42923
====
5172
5171
42924
====
5174
5173
42925
====
5176
5175
42926
====
5178
5177
42927
====
5180
5179
42928
====
5182
5181
42929
====
5184
5183
42930
====
5187
5186
42931
====
5538
5537
42940
====
5713
5712
42958
====
5715
5714
42959
====
5930
5929
42970
====
37344
5932
5931
====
6276
6275
42985
====
6278
6277
42986
====
6280
6279
42987
====
6282
6281
42988
====
6284
6283
42989
====
6286
6285
42990
====
6288
6287
42991
====
6290
6289
42992
====
6292
6291
42993
====
6294
6293
42994
====
6296
6295
42995
====
6298
6297
42996
====
6300
6299
42997
====
6302
6301
42998
====
6304
6303
42999
====
6306
6305
43000
====
6308
6307
43001
====
6310
6309
43002
====
6312
6311
43003
====
6314
6313
43004
====
6316
6315
43005
====
6320
6319
43007
====
6767
6766
43020
====
6769
6768
43021
====
6771
6770
43022
====
6773
6772
43023
====
6775
6774
43024
====
6777
6776
43025
====
6779
6778
43026
====
6781
6780
43027
====
6783
6782
43028
====
6785
6784
43029
====
6787
6786
43030
====
6789
6788
43031
====
6791
6790
43032
====
6793
6792
43033
====
6795
6794
43034
====
6799
6798
43036
====
6801
6800
43037
====
6803
6802
43038
====
6805
6804
43039
====
6807
6806
43040
====
6809
6808
43041
====
6811
6810
43042
====
6813
6812
43043
====
6815
6814
43044
====
6817
6816
43045
====
6819
6818
43046
====
6821
6820
43047
====
6825
6824
43048
====
6827
6826
43049
====
6829
6828
43050
====
6831
6830
43051
====
6833
6832
43052
====
6835
6834
43053
====
6837
6836
43054
====
6839
6838
43055
====
6843
6842
43057
====
6845
6844
43058
====
6849
6848
43060
====
6851
6850
43061
====
6855
6854
43063
====
6857
6856
43064
====
6859
6858
43065
====
7217
7216
43083
====
7219
7218
43084
====
7221
7220
43085
====
7225
7224
43086
====
7227
7226
43087
====
7229
7228
43088
====
34678
7231
7230
====
7233
7232
43089
====
7235
7234
43090
====
7237
7236
43091
====
7239
7238
43092
====
7241
7240
43093
====
7247
7246
43095
====
7249
7248
43096
====
7251
7250
43097
====
7253
7252
43098
====
7255
7254
43099
====
7257
7256
43100
====
7259
7258
43101
====
7261
7260
43102
====
7263
7262
43103
====
7265
7264
43104
====
7267
7266
43105
====
37288
7693
12225
====
7998
7997
43126
====
8002
8001
43128
====
8004
8003
43129
====
8006
8005
43130
====
8008
8007
43131
====
8010
8009
43132
====
8012
8011
43133
====
8014
8013
43134
====
8016
8015
43135
====
8021
8020
43137
====
8023
8022
43138
====
8025
8024
43139
====
8535
8534
43152
====
8537
8536
43153
====
8539
8538
43154
====
8541
8540
43155
====
8543
8542
43156
====
8545
8544
43157
====
8547
8546
43158
====
8549
8548
43159
====
8551
8550
43160
====
8553
8552
43161
====
8556
8555
43163
====
8558
8557
43164
====
8560
8559
43165
====
8562
8561
43166
====
9019
9018
43182
====
9021
9020
43183
====
9023
9022
43184
====
9025
9024
43185
====
9027
9026
43186
====
9534
18510
20451
====
9590
9589
43207
====
9592
9591
43208
====
9594
9593
43209
====
9596
9595
43210
====
9598
9597
43211
====
9600
9599
43212
====
9602
9601
43213
====
9604
9603
43214
====
9606
9605
43215
====
9608
9607
43216
====
9610
9609
43217
====
9614
9613
43219
====
9618
9617
43221
====
9622
9621
43223
====
9624
9623
43224
====
9626
9625
43225
====
9632
9631
43228
====
9636
9635
43230
====
9638
9637
43231
====
9642
9641
43233
====
9644
9643
43234
====
9646
9645
43235
====
9648
9647
43236
====
9650
9649
43237
====
9652
9651
43238
====
10302
10301
43255
====
10306
10305
43257
====
10308
10307
43258
====
10310
10309
43259
====
10312
10311
43260
====
10314
10313
43261
====
10320
10319
43264
====
10322
10321
43265
====
10324
10323
43266
====
10326
10325
43267
====
10328
10327
43268
====
10330
10329
43269
====
10333
10332
43271
====
10335
10334
43272
====
10338
26117
28292
====
10859
10858
43284
====
10863
10862
43286
====
10865
10864
43287
====
10869
10868
43289
====
39777
10871
10870
====
10873
10872
43290
====
10875
10874
43291
====
10877
10876
43292
====
10881
10880
43294
====
10883
10882
43295
====
10885
10884
43296
====
10887
10886
43297
====
10889
10888
43298
====
10891
10890
43299
====
11301
11300
43313
====
11303
11302
43314
====
11305
11304
43315
====
11307
11306
43316
====
11309
11308
43317
====
11313
11312
43319
====
11315
11314
43320
====
11317
11316
43321
====
11319
11318
43322
====
34679
11321
11320
====
11323
11322
43323
====
11325
11324
43324
====
11327
11326
43325
====
11329
11328
43326
====
11331
11330
43327
====
11333
11332
43328
====
11335
11334
43329
====
11337
11336
43330
====
11341
11340
43332
====
11343
11342
43333
====
11345
11344
43334
====
11349
11348
43336
====
31002
11351
11350
====
29723
11353
11352
====
11355
11354
43337
====
11357
11356
43338
====
11766
11768
11769
====
11771
11770
43349
====
11773
11772
43350
====
11775
11774
43351
====
42058
11777
11776
====
11779
11778
43352
====
11781
11780
43353
====
11783
11782
43354
====
11785
11784
43355
====
11787
11786
43356
====
11789
11788
43357
====
11791
11790
43358
====
11793
11792
43359
====
11795
11794
43360
====
11799
11798
43362
====
11801
11800
43363
====
11803
11802
43364
====
11807
11806
43366
====
11809
11808
43367
====
11811
11810
43368
====
11813
11812
43369
====
11815
11814
43370
====
11817
11816
43371
====
11819
11818
43372
====
11821
11820
43373
====
11823
11822
43374
====
11825
11824
43375
====
11827
11826
43376
====
11831
11830
43378
====
12208
12207
43389
====
12210
12209
43390
====
12215
12214
43392
====
12645
12644
43404
====
12647
12646
43405
====
12651
12650
43407
====
12653
12652
43408
====
12655
12654
43409
====
12657
12656
43410
====
12661
12660
43412
====
12719
12718
43419
====
12721
12720
43420
====
12723
12722
43421
====
12725
12724
43422
====
12729
12728
43424
====
12731
12730
43425
====
12733
12732
43426
====
12735
12734
43427
====
12739
12738
43429
====
12743
12742
43430
====
12745
12744
43431
====
12747
12746
43432
====
12749
12748
43433
====
12751
12750
43434
====
12753
12752
43435
====
12755
12754
43436
====
13312
13311
43449
====
13314
13313
43450
====
13316
13315
43451
====
13318
13317
43452
====
13320
13319
43453
====
13322
13321
43454
====
13324
13323
43455
====
13328
13327
43457
====
13330
13329
43458
====
13332
13331
43459
====
13334
13333
43460
====
13336
13335
43461
====
13338
13337
43462
====
13340
13339
43463
====
13342
13341
43464
====
13344
13343
43465
====
39658
13346
13345
====
13348
13347
43466
====
13350
13349
43467
====
13354
13353
43469
====
13356
13355
43470
====
13759
13758
43483
====
13761
13760
43484
====
13763
13762
43485
====
13765
13764
43486
====
13767
13766
43487
====
13769
13768
43488
====
13771
13770
43489
====
13773
13772
43490
====
13775
13774
43491
====
13777
13776
43492
====
13779
13778
43493
====
13781
13780
43494
====
13783
13782
43495
====
13789
13788
43497
====
13795
13794
43500
====
13797
13796
43501
====
13801
13800
43503
====
13803
13802
43504
====
13807
13806
43505
====
13813
13812
43507
====
13815
13814
43508
====
14242
14241
43522
====
14244
14243
43523
====
14246
14245
43524
====
14248
14247
43525
====
14250
14249
43526
====
14252
14251
43527
====
32199
14254
14253
====
14256
14255
43528
====
14258
14257
43529
====
14260
14259
43530
====
14262
14261
43531
====
14264
14263
43532
====
14266
14265
43533
====
14272
14271
43534
====
14276
14275
43536
====
14677
14676
43553
====
14679
14678
43554
====
14681
14680
43555
====
14683
14682
43556
====
14685
14684
43557
====
14687
14686
43558
====
14689
14688
43559
====
14691
14690
43560
====
14693
14692
43561
====
14695
14694
43562
====
35898
14697
14696
====
41219
14699
14698
====
15064
15063
43576
====
15066
15065
43577
====
15068
15067
43578
====
15546
15545
43588
====
15548
15547
43589
====
15550
15549
43590
====
15552
15551
43591
====
15554
15553
43592
====
15556
15555
43593
====
15558
15557
43594
====
15562
15561
43596
====
15564
15563
43597
====
15566
15565
43598
====
15568
15567
43599
====
15571
15570
43600
====
15573
15572
43601
====
15656
17364
19166
====
15962
15961
43615
====
15964
15963
43616
====
15966
15965
43617
====
15968
15967
43618
====
15972
15971
43620
====
15974
15973
43621
====
15976
15975
43622
====
15978
15977
43623
====
15980
15979
43624
====
15984
15983
43626
====
15986
15985
43627
====
15988
15987
43628
====
15990
15989
43629
====
15993
15992
43630
====
15997
15996
43632
====
15999
15998
43633
====
16001
16000
43634
====
16003
16002
43635
====
16005
16004
43636
====
16007
16006
43637
====
16009
16008
43638
====
16011
16010
43639
====
16013
16012
43640
====
16433
16432
43652
====
16435
16434
43653
====
16439
16438
43655
====
16444
16443
43657
====
16451
16450
43660
====
16453
16452
43661
====
16455
16454
43662
====
16457
16456
43663
====
16459
16458
43664
====
16461
16460
43665
====
16463
16462
43666
====
16467
16466
43667
====
16469
16468
43668
====
16471
16470
43669
====
16950
16949
43680
====
16952
16951
43681
====
16954
16953
43682
====
16956
16955
43683
====
16958
16957
43684
====
16961
16960
43685
====
16963
16962
43686
====
16966
16965
43687
====
16968
16967
43688
====
16970
16969
43689
====
16972
16971
43690
====
16974
16973
43691
====
16978
16977
43693
====
16980
16979
43694
====
16982
16981
43695
====
16984
16983
43696
====
16986
16985
43697
====
16988
16987
43698
====
16991
16990
43700
====
16995
16994
43702
====
16997
16996
43703
====
17092
19203
19558
====
17311
17310
43717
====
17313
17312
43718
====
17316
17315
43719
====
17318
17317
43720
====
17320
17319
43721
====
17322
17321
43722
====
17324
17323
43723
====
17326
17325
43724
====
17328
17327
43725
====
17330
17329
43726
====
17332
17331
43727
====
17334
17333
43728
====
17336
17335
43729
====
17338
17337
43730
====
17340
17339
43731
====
17342
17341
43732
====
17348
17347
43735
====
17350
17349
43736
====
17836
17835
43754
====
17838
17837
43755
====
17840
17839
43756
====
17842
17841
43757
====
17844
17843
43758
====
17846
17845
43759
====
18259
18258
43766
====
18261
18260
43767
====
18263
18262
43768
====
18265
18264
43769
====
18267
18266
43770
====
18271
18270
43772
====
18273
18272
43773
====
18275
18274
43774
====
18277
18276
43775
====
18279
18278
43776
====
18653
18652
43781
====
18655
18654
43782
====
18657
18656
43783
====
18659
18658
43784
====
18661
18660
43785
====
18663
18662
43786
====
18666
18665
43787
====
18668
18667
43788
====
18670
18669
43789
====
18672
18671
43790
====
18674
18673
43791
====
18676
18675
43792
====
19026
19025
43805
====
19028
19027
43806
====
19030
19029
43807
====
19032
19031
43808
====
19034
19033
43809
====
19036
19035
43810
====
19038
19037
43811
====
19040
19039
43812
====
19042
19041
43813
====
19044
19043
43814
====
19048
19047
43816
====
19050
19049
43817
====
19052
19051
43818
====
19054
19053
43819
====
19438
19437
43823
====
19440
19439
43824
====
19443
19442
43825
====
19765
19764
43832
====
19767
19766
43833
====
19769
19768
43834
====
19771
19770
43835
====
19773
19772
43836
====
19775
19774
43837
====
19777
19776
43838
====
19780
19779
43839
====
19782
19781
43840
====
19784
19783
43841
====
40662
19786
19785
====
19788
19787
43842
====
19790
19789
43843
====
19792
19791
43844
====
19794
19793
43845
====
19798
19797
43847
====
20544
20543
43855
====
20546
20545
43856
====
20548
20547
43857
====
20550
20549
43858
====
20552
20551
43859
====
20554
20553
43860
====
20556
20555
43861
====
20558
20557
43862
====
20933
20932
43866
====
20935
20934
43867
====
20937
20936
43868
====
20939
20938
43869
====
20941
20940
43870
====
20943
20942
43871
====
20945
20944
43872
====
20947
20946
43873
====
20952
20951
43875
====
20954
20953
43876
====
20956
20955
43877
====
20958
20957
43878
====
20960
20959
43879
====
20962
20961
43880
====
21352
21351
43885
====
21354
21353
43886
====
21356
21355
43887
====
21358
21357
43888
====
21360
21359
43889
====
21362
21361
43890
====
40657
21366
21365
====
36803
21368
21367
====
21370
21369
43892
====
21372
21371
43893
====
21376
21375
43895
====
21702
21701
43901
====
21704
21703
43902
====
21706
21705
43903
====
21708
21707
43904
====
35424
21712
21711
====
21714
21713
43905
====
21716
21715
43906
====
21718
21717
43907
====
30573
21721
21720
====
21723
21722
43908
====
22132
22131
43914
====
22134
22133
43915
====
22136
22135
43916
====
22138
22137
43917
====
22140
22139
43918
====
22142
22141
43919
====
22146
22145
43921
====
22264
22263
43924
====
22266
22265
43925
====
22268
22267
43926
====
22672
22671
43933
====
22677
22676
43935
====
22681
22680
43937
====
22989
22988
43943
====
22991
22990
43944
====
22993
22992
43945
====
22997
22996
43947
====
22999
22998
43948
====
23001
23000
43949
====
23004
23003
43950
====
23011
23010
43952
====
23013
23012
43953
====
23015
23014
43954
====
23017
23016
43955
====
23019
23018
43956
====
23021
23020
43957
====
23023
23022
43958
====
23253
23252
43964
====
23255
23254
43965
====
23260
23259
43967
====
23262
23261
43968
====
23264
23263
43969
====
23267
23266
43970
====
23269
23268
43971
====
33393
23271
23270
====
23273
23272
43972
====
23275
23274
43973
====
23277
23276
43974
====
23279
23278
43975
====
23282
23281
43976
====
23284
23283
43977
====
23490
23489
43981
====
23492
23491
43982
====
23494
23493
43983
====
23496
23495
43984
====
23498
23497
43985
====
23500
23499
43986
====
23502
23501
43987
====
23504
23503
43988
====
23506
23505
43989
====
23508
23507
43990
====
23510
23509
43991
====
23512
23511
43992
====
23514
23513
43993
====
23516
23515
43994
====
23518
23517
43995
====
23520
23519
43996
====
23522
23521
43997
====
23524
23523
43998
====
23526
23525
43999
====
23528
23527
44000
====
23530
23529
44001
====
23771
23770
44006
====
23773
23772
44007
====
23775
23774
44008
====
23779
23778
44010
====
23781
23780
44011
====
23787
23786
44014
====
23789
23788
44015
====
23791
23790
44016
====
23821
26012
26018
====
23963
23962
44022
====
23965
23964
44023
====
23967
23966
44024
====
23969
23968
44025
====
24121
24120
44030
====
24123
24122
44031
====
24125
24124
44032
====
24127
24126
44033
====
24323
24322
44041
====
24327
24326
44043
====
24329
24328
44044
====
24331
24330
44045
====
24333
24332
44046
====
24335
24334
44047
====
24337
24336
44048
====
24339
24338
44049
====
24341
24340
44050
====
24343
24342
44051
====
24345
24344
44052
====
24347
24346
44053
====
24674
24673
44060
====
33781
24676
24675
====
24678
24677
44061
====
24682
24681
44063
====
24684
24683
44064
====
24686
24685
44065
====
24688
24687
44066
====
24690
24689
44067
====
24692
24691
44068
====
24694
24693
44069
====
24697
24696
44070
====
24699
24698
44071
====
24701
24700
44072
====
24704
24703
44073
====
24883
24882
44082
====
24885
24884
44083
====
24887
24886
44084
====
24889
24888
44085
====
24940
24941
24939
====
25090
25089
44088
====
25092
25091
44089
====
25094
25093
44090
====
25096
25095
44091
====
25098
25097
44092
====
25100
25099
44093
====
25102
25101
44094
====
25104
25103
44095
====
25109
25108
44098
====
25248
25247
44100
====
25250
25249
44101
====
25252
25251
44102
====
25254
25253
44103
====
25256
25255
44104
====
25258
25257
44105
====
25718
25717
44112
====
25720
25719
44113
====
25723
25722
44114
====
25725
25724
44115
====
25727
25726
44116
====
25729
25728
44117
====
25731
25730
44118
====
25912
25911
44121
====
25914
25913
44122
====
25916
25915
44123
====
25929
26289
26297
====
25982
25981
44124
====
25984
25983
44125
====
25986
25985
44126
====
25988
25987
44127
====
25990
25989
44128
====
25992
25991
44129
====
25994
25993
44130
====
25996
25995
44131
====
25998
25997
44132
====
26000
25999
44133
====
26002
26001
44134
====
26119
26118
44136
====
26121
26120
44137
====
26123
26122
44138
====
26125
26124
44139
====
26128
26127
44140
====
26134
26133
44143
====
26137
26136
44144
====
26256
26255
44150
====
26258
26257
44151
====
26260
26259
44152
====
26348
26347
44154
====
26526
26525
44158
====
26528
26527
44159
====
26530
26529
44160
====
26532
26531
44161
====
26534
26533
44162
====
26536
26535
44163
====
26540
26539
44165
====
26542
26541
44166
====
26668
26667
44168
====
26670
26669
44169
====
26672
26671
44170
====
26678
26677
44173
====
26682
26681
44175
====
26684
26683
44176
====
26686
26685
44177
====
26688
26687
44178
====
26690
26689
44179
====
26692
26691
44180
====
26694
26693
44181
====
26696
26695
44182
====
26784
26783
44183
====
26786
26785
44184
====
26790
26789
44186
====
26792
26791
44187
====
26794
26793
44188
====
26796
26795
44189
====
26798
26797
44190
====
26886
26885
44193
====
26888
26887
44194
====
26890
26889
44195
====
26892
26891
44196
====
26896
26895
44198
====
26900
26899
44200
====
26904
26903
44202
====
27031
27030
44203
====
27033
27032
44204
====
27206
27205
44206
====
27208
27207
44207
====
27212
27211
44208
====
27292
27291
44209
====
27294
27293
44210
====
27373
27372
44211
====
27375
27374
44212
====
27377
27376
44213
====
27379
27378
44214
====
27381
27380
44215
====
27385
27384
44217
====
27434
27433
44218
====
27506
27505
44219
====
27508
27507
44220
====
27512
27511
44222
====
27514
27513
44223
====
27552
27551
44224
====
27554
27553
44225
====
27556
27555
44226
====
27558
27557
44227
====
27560
27559
44228
====
27562
27561
44229
====
27715
27714
44232
====
27717
27716
44233
====
27771
27770
44235
====
27773
27772
44236
====
41609
27775
27774
====
27777
27776
44237
====
27779
27778
44238
====
27830
27829
44239
====
27832
27831
44240
====
27900
27899
44241
====
27902
27901
44242
====
27904
27903
44243
====
27906
27905
44244
====
27908
27907
44245
====
28005
28004
44248
====
28007
28006
44249
====
28119
28118
44250
====
28170
28169
44252
====
28172
28171
44253
====
28174
28173
44254
====
28176
28175
44255
====
28178
28177
44256
====
28238
28237
44257
====
28240
28239
44258
====
28242
28241
44259
====
28244
28243
44260
====
28246
28245
44261
====
28284
28283
44262
====
28332
28331
44264
====
28454
28453
44267
====
28543
28542
44269
====
28570
28569
44270
====
28783
28782
44273
====
35396
35397
35398
====
36861
37397
37406
====
8
42310
====
9
42311
====
10
42312
====
11
42313
====
12
42314
====
13
42315
====
15
42316
====
16
42317
====
17
42318
====
18
42319
====
19
42320
====
20
42321
====
21
42322
====
22
42323
====
23
42324
====
24
42325
====
25
42326
====
26
42327
====
27
42328
====
28
42329
====
29
42330
====
30
42331
====
31
42332
====
32
42333
====
33
42334
====
34
42335
====
35
42336
====
36
42337
====
37
42338
====
41
42340
====
42
17314
====
178
42355
====
179
42356
====
180
42357
====
181
42358
====
182
42359
====
183
42360
====
187
20257
====
191
43008
====
206
42521
====
217
42429
====
500
42850
====
778
13376
====
1012
42391
====
1013
42392
====
1014
42393
====
1015
42394
====
1016
42395
====
1018
42397
====
1019
42398
====
1020
42399
====
1021
42400
====
1023
42402
====
1024
42403
====
1025
42404
====
1026
42405
====
29724
1027
====
1028
42406
====
1031
42409
====
1032
42410
====
1033
42411
====
1034
42412
====
1036
42414
====
1037
42415
====
34569
1039
====
1040
42417
====
1041
42418
====
1042
42419
====
1043
42420
====
1044
42421
====
1045
42422
====
1046
42423
====
1047
42424
====
1048
42425
====
1049
42426
====
1058
1717
====
1102
2286
====
1169
5348
====
1284
1949
====
1628
42436
====
1629
42437
====
1630
42438
====
1631
42439
====
1632
42440
====
1633
42441
====
1634
42442
====
1636
42443
====
1637
42444
====
1638
42445
====
1639
42446
====
1641
42448
====
1642
42449
====
1643
42450
====
1644
42451
====
1646
42452
====
1647
42453
====
1648
42454
====
1649
42455
====
1650
42456
====
1651
42457
====
1652
42458
====
1653
42459
====
1654
42460
====
1655
42461
====
1656
42462
====
1657
42463
====
36789
1658
====
2006
7930
====
2050
22421
====
2149
5254
====
30564
2175
====
2176
42495
====
2177
42496
====
2178
42497
====
2180
42499
====
2182
42501
====
2183
42502
====
2184
42503
====
2185
42504
====
2187
42506
====
2188
42507
====
2189
42508
====
2190
42509
====
2191
42510
====
2192
42511
====
2194
42513
====
2195
42514
====
2196
42515
====
2255
27248
====
2260
20042
====
2353
14296
====
32850
2369
====
2454
17477
====
2456
5251
====
40865
2471
====
2481
13837
====
2493
42561
====
2494
42562
====
2495
42563
====
2496
42564
====
2497
42565
====
2498
42566
====
2499
42567
====
2500
42568
====
2501
42569
====
2503
42571
====
2504
42572
====
2505
42573
====
2506
42574
====
2507
42575
====
2508
42576
====
2510
42578
====
2513
42581
====
2514
42582
====
2515
42583
====
2516
42584
====
2517
42585
====
2518
42586
====
2519
42587
====
2520
42588
====
2521
42589
====
2522
42590
====
2523
42591
====
34677
2524
====
2894
7567
====
2908
7569
====
2920
7754
====
2933
42623
====
2934
42624
====
2935
42625
====
2936
42626
====
2937
42627
====
2938
42628
====
2939
42629
====
2940
42630
====
2941
42631
====
2942
42632
====
2943
42633
====
2944
42634
====
2945
42635
====
2946
42636
====
2947
42637
====
2948
42638
====
2949
42639
====
2950
42640
====
30995
2951
====
3104
7628
====
3353
19809
====
3439
8298
====
3480
43309
====
3482
43073
====
3596
4975
====
32853
3606
====
3809
7542
====
3831
10039
====
3875
3874
====
3927
42795
====
3968
43066
====
38591
4021
====
4070
7615
====
4071
9985
====
32938
4250
====
4287
10014
====
4294
10297
====
4477
16619
====
42532
4590
====
4649
10023
====
4690
42871
====
4796
6423
====
4889
9946
====
32852
4988
====
40040
5018
====
5070
9974
====
5189
5589
====
5198
43010
====
5209
8669
====
5217
43145
====
5260
43864
====
5330
43345
====
5338
43146
====
5403
8913
====
5548
43305
====
5722
14389
====
5727
43278
====
5737
6427
====
5934
5933
====
6027
27254
====
6242
9995
====
6260
20167
====
6263
21979
====
6343
43513
====
33793
6365
====
6369
44021
====
6414
27524
====
6469
9994
====
6470
9997
====
6471
9998
====
6502
26184
====
6823
6822
====
6852
43062
====
42065
6866
====
6925
8573
====
6975
9945
====
6976
9984
====
32848
7128
====
7192
7566
====
7243
7242
====
7294
43472
====
7471
7728
====
7474
7636
====
7475
7637
====
7480
7611
====
7711
7484
====
7486
7617
====
7489
7558
====
7687
7492
====
7493
7787
====
7559
9588
====
39327
7584
====
33993
7635
====
7679
29051
====
39253
7691
====
32884
7920
====
7976
9959
====
38687
8029
====
41589
8246
====
8554
43162
====
8598
12716
====
8608
13927
====
8645
43582
====
29687
8658
====
9061
10962
====
9177
18786
====
9202
44074
====
38293
9212
====
9257
9322
====
9268
9324
====
9271
9346
====
9273
9326
====
9282
9404
====
9319
10045
====
9325
10049
====
9334
10067
====
9344
9895
====
9349
10073
====
9354
9903
====
9355
9901
====
9356
9893
====
9357
9894
====
9362
9890
====
9376
43254
====
9377
10071
====
9382
10044
====
9383
10066
====
9388
9899
====
9389
10050
====
9390
10075
====
36091
9426
====
41895
9463
====
39185
9465
====
39186
9467
====
39182
9468
====
9665
24935
====
9669
11930
====
10043
9798
====
32873
9868
====
32881
9870
====
9978
14091
====
9989
29050
====
10032
10065
====
10040
10607
====
10331
43270
====
10343
20267
====
10344
12250
====
10377
12258
====
10380
21459
====
33797
10901
====
11078
11146
====
11237
17242
====
11419
17892
====
11421
13410
====
11884
43750
====
12213
23835
====
12261
15072
====
12384
13088
====
32883
12503
====
12667
43509
====
12687
17600
====
12756
22673
====
12783
19150
====
12803
23312
====
12821
18390
====
35426
12822
====
34571
12830
====
12852
43712
====
12887
43673
====
13087
13051
====
32882
13170
====
32880
13171
====
13172
23698
====
13173
24260
====
13174
24261
====
13175
22885
====
13256
13263
====
13424
27967
====
13493
15146
====
13629
23675
====
37239
13716
====
13757
13756
====
13787
13786
====
13805
13804
====
13809
13808
====
13883
15309
====
13885
15319
====
32879
14030
====
14268
14267
====
14270
14269
====
14302
43711
====
31790
14308
====
14478
27898
====
14479
24223
====
14480
26211
====
14481
26209
====
14482
26213
====
14484
18835
====
14705
20672
====
14736
18370
====
14817
17089
====
15071
22177
====
15098
43742
====
32877
15189
====
15271
20035
====
15450
18430
====
15575
25940
====
15594
16062
====
15749
15773
====
16027
21456
====
16077
19457
====
16465
16464
====
16473
27088
====
16481
19863
====
16484
18757
====
16492
21824
====
36684
16505
====
16508
17604
====
16538
20269
====
41192
16552
====
16638
18803
====
16699
17730
====
35356
16771
====
16989
43699
====
17003
23305
====
17007
21819
====
17228
18170
====
17229
18169
====
17396
17403
====
17884
20595
====
18032
18065
====
18284
19158
====
18337
21808
====
18703
20668
====
18763
43848
====
18842
25713
====
19063
23046
====
19102
22507
====
19116
43978
====
19123
26014
====
40025
19274
====
19289
19629
====
19445
44106
====
19530
28230
====
19738
24512
====
19804
25630
====
19817
22160
====
19857
21469
====
20263
25162
====
20488
22026
====
20603
43938
====
20638
22510
====
20642
21815
====
20652
20675
====
20691
28393
====
20699
27852
====
20965
26300
====
20968
27058
====
20971
43939
====
20984
26815
====
20990
22513
====
20999
24377
====
21171
22849
====
21413
23311
====
33043
21685
====
21710
21709
====
21731
24918
====
21763
23047
====
21834
43911
====
22119
24079
====
37657
22237
====
22412
23997
====
22414
24142
====
22426
44099
====
22467
24729
====
22614
26641
====
22646
23388
====
23291
26016
====
23293
25809
====
23307
23831
====
23322
23995
====
23542
26299
====
23724
23917
====
23797
24387
====
23813
25378
====
23849
24928
====
23852
25808
====
24138
25155
====
24351
25499
====
24367
24948
====
24426
28593
====
24429
28822
====
24715
25161
====
24895
27622
====
24998
25217
====
25107
44097
====
25267
26310
====
35783
25275
====
25312
25806
====
25732
26709
====
25733
27328
====
25748
27065
====
25762
27068
====
25776
26174
====
25793
26593
====
25919
26353
====
26107
28781
====
26139
27081
====
26142
27061
====
26145
26704
====
26578
27249
====
26581
27580
====
26597
26816
====
39276
26603
====
26615
28909
====
26802
27087
====
26874
26875
====
26910
27467
====
26918
27755
====
26926
27758
====
26929
27756
====
27130
27135
====
27138
28911
====
27139
28913
====
27140
28912
====
27141
28672
====
27142
28741
====
27143
28914
====
27144
28829
====
27145
28382
====
27146
28804
====
27147
28823
====
27148
28868
====
27149
28636
====
27150
28655
====
27151
28656
====
27210
27516
====
27233
28377
====
27304
27533
====
27362
28147
====
27441
27621
====
27521
27526
====
27532
28024
====
27573
28040
====
27665
28803
====
27666
28910
====
27667
28729
====
27725
28037
====
27742
28466
====
27784
28021
====
27921
28551
====
27931
28309
====
42044
28034
====
28068
28076
====
28126
28311
====
28133
28905
====
28134
28906
====
28289
28464
====
28296
28337
====
28367
28631
====
28369
28509
====
28451
28645
====
28490
28716
====
28586
28647
====
28618
28630
====
28721
28727
====
29124
37319
====
29128
33392
====
29129
37374
====
29169
36885
====
29290
42157
====
29706
29710
====
30066
40324
====
30442
37658
====
30455
34152
====
30537
32136
====
30635
30636
====
30892
34703
====
31308
31313
====
31409
37800
====
31411
39758
====
31800
35495
====
31805
32202
====
31874
32261
====
31884
34660
====
31968
34822
====
32095
32872
====
32201
39687
====
32838
37187
====
33391
37759
====
33501
39943
====
34710
34784
====
35306
35308
====
35394
35395
====
35415
35420
====
35503
43111
====
36115
41847
====
36862
42378
====
37933
37819
====
38654
42375
====
38663
38670
====
39691
42600
====
39702
39756
====
40680
42717
====
40760
42350
====
41275
41641
====
42050
43520
====
42060
43250
====
42518
42805
====
42560
42711
====
43118
43276
====
43147
43519
====
